##################################################################################################
# Global oscillation parameters of the SYD pipeline for KASC WG1 stars, based on 2015 analysis 
# of all SC data prepared by Rasmus Handberg & Mikkel Lund. 
#
# Solar reference values of SYD pipeline:
# Dnu(Sun): 135.1 +/- 0.1 muHz
# numax(Sun): 3090 +/- 30 muHz
# NOTE: uncertainties are the scatter of 111 30d subsets of VIRGO green channel data 
# (see Huber et al. 2011)
#
# range_low + range_up: minimum + maximum frequency used to calculate Dnu
# numax + sig_numax: frequency of maximum power + 1-sigma uncertainty
# Dnu + sig_Dnu: large frequency separation + 1-sigma uncertainty
# Length: Length of input SC time series in days
# DetFlag: Status flag of detection (0=good,1=numax unreliable,2=Dnu unreliable)
# SrcFlag: Source of detection (0=reprocessed 2015 data, 1=Chaplin et al. 2014 analysis)
#
# DH  Jul 30 2015
##################################################################################################
    KIC    |  range_low |  range_up  |   numax    | sig_numax |   dnu    | sig_dnu | Length  | DetFlag | SrcFlag
   1430163  |  1084.064  |  2649.936  |  1775.247  |   72.128  |  85.873  |  1.879  |   84.4  |  0      |  0
   1435467  |   812.903  |  1987.097  |  1382.311  |    9.148  |  70.558  |  0.053  |  938.1  |  0      |  0
   1725815  |   606.774  |  1483.226  |  1044.287  |   47.036  |  55.942  |  0.462  |   92.5  |  0      |  0
   2010607  |   361.817  |   951.889  |   674.919  |  138.543  |  42.479  |  1.374  |   28.9  |  0      |  1
   2309595  |   373.355  |   912.645  |   643.208  |    9.052  |  39.029  |  0.512  |   28.9  |  0      |  0
   2450729  |   625.689  |  1580.407  |  1053.105  |   87.546  |  61.910  |  0.562  |   28.9  |  0      |  1
   2837475  |   946.452  |  2313.548  |  1629.761  |    8.774  |  75.720  |  0.055  | 1029.4  |  0      |  0
   2849125  |   422.710  |  1033.290  |   722.576  |   26.115  |  41.322  |  1.969  |   24.9  |  0      |  0
   2852862  |   580.645  |  1419.355  |   983.522  |   11.637  |  53.556  |  0.125  |  523.7  |  0      |  0
   2865774  |   726.968  |  1777.032  |  1239.891  |   70.932  |  63.533  |  4.143  |   33.4  |  0      |  0
   2991448  |   609.677  |  1490.323  |  1111.248  |   14.285  |  61.732  |  0.157  |   92.6  |  0      |  0
   2998253  |  1083.484  |  2648.516  |  1884.738  |  223.264  |  87.227  |  5.604  |   31.0  |  1      |  0
   3112152  |   707.806  |  1730.194  |  1221.493  |   42.965  |  65.130  |  2.003  |   26.1  |  0      |  0
   3112889  |   508.645  |  1243.355  |   871.525  |   57.588  |  53.709  |  1.861  |   31.0  |  0      |  0
   3115178  |   250.258  |   611.742  |   428.866  |    5.852  |  28.414  |  0.690  |   29.4  |  0      |  0
   3123191  |  1095.677  |  2678.323  |  1740.659  |   58.737  |  89.446  |  2.996  |   25.6  |  0      |  0
   3223000  |  1422.581  |  3477.419  |  2573.222  |  539.752  | 110.919  |  1.633  |   32.4  |  1      |  0
   3236382  |   963.290  |  2354.710  |  1565.974  |  122.689  |  75.745  |  3.638  |   28.5  |  0      |  0
   3241581  |  1624.064  |  3969.936  |  2807.592  |  383.570  | 123.412  |  2.783  |   30.0  |  0      |  0
   3329196  |   256.776  |   626.501  |   435.093  |    5.008  |  29.604  |  0.143  |   31.1  |  0      |  1
   3344897  |   507.484  |  1240.516  |   902.547  |   49.825  |  47.016  |  0.845  |   29.2  |  0      |  0
   3424541  |   432.581  |  1057.419  |   769.626  |    6.737  |  41.291  |  0.081  |  931.0  |  0      |  0
   3427720  |  1538.710  |  3761.290  |  2726.381  |   23.367  | 120.045  |  0.048  |  963.8  |  0      |  0
   3429205  |   220.645  |   539.355  |   371.041  |    1.961  |  24.296  |  0.081  |  683.0  |  0      |  0
   3430893  |   991.161  |  2422.839  |  1700.054  |   84.952  |  80.813  |  3.919  |   28.4  |  0      |  0
   3437637  |   493.548  |  1206.452  |   834.621  |   40.718  |  48.084  |  1.266  |   24.9  |  0      |  0
   3438633  |   573.097  |  1400.903  |   964.992  |   34.514  |  55.725  |  2.197  |   24.9  |  0      |  0
   3456181  |   557.419  |  1362.581  |   965.777  |    7.635  |  52.223  |  0.068  |  431.7  |  0      |  0
   3534307  |   819.201  |  2100.158  |  1435.921  |   72.528  |  78.183  |  1.011  |   28.9  |  0      |  1
   3545753  |   395.419  |   966.581  |   749.341  |   61.936  |  43.288  |  1.056  |   30.0  |  0      |  0
   3547794  |   690.968  |  1689.032  |  1203.167  |   77.914  |  67.056  |  5.147  |   28.5  |  0      |  0
   3630240  |   145.161  |   354.839  |   253.379  |    5.657  |  18.327  |  0.273  |   28.5  |  0      |  0
   3632418  |   672.968  |  1645.032  |  1147.052  |    6.095  |  60.854  |  0.042  | 1018.8  |  0      |  0
   3633847  |   643.935  |  1574.064  |  1139.085  |   64.113  |  61.149  |  1.006  |   29.9  |  0      |  0
   3633889  |  1172.903  |  2867.097  |  2010.370  |   56.144  |  97.458  |  4.386  |   29.4  |  0      |  0
   3642422  |   277.548  |   678.452  |   494.146  |   47.192  |  29.442  |  0.393  |   31.0  |  0      |  0
   3643774  |   876.774  |  2143.226  |  1566.577  |   36.074  |  76.417  |  0.301  |   87.1  |  0      |  0
   3656476  |  1095.677  |  2678.323  |  1932.400  |   12.352  |  93.305  |  0.026  |  783.3  |  0      |  0
   3657002  |   930.774  |  2275.226  |  1600.226  |   68.441  |  80.096  |  0.990  |   28.3  |  0      |  0
   3661135  |   579.484  |  1416.516  |  1005.609  |   22.005  |  54.965  |  1.363  |   26.1  |  0      |  0
   3730801  |   861.677  |  2106.323  |  1493.040  |   50.588  |  74.547  |  1.893  |   28.9  |  0      |  0
   3733735  |  1146.194  |  2801.807  |  2105.007  |   21.027  |  92.149  |  0.141  |  537.5  |  0      |  0
   3735871  |  1621.161  |  3962.839  |  2815.568  |   37.576  | 122.856  |  0.099  | 1030.5  |  0      |  0
   3761840  |   362.903  |   887.097  |   646.538  |   43.312  |  34.671  |  0.775  |   28.7  |  0      |  0
   3852594  |   540.000  |  1320.000  |   904.575  |   13.179  |  52.303  |  0.166  |  523.3  |  0      |  0
   3854781  |   692.710  |  1693.290  |  1181.003  |   31.002  |  62.016  |  0.805  |   25.9  |  0      |  0
   3942719  |   452.903  |  1107.097  |   786.269  |   18.569  |  45.463  |  1.084  |   28.5  |  0      |  0
   3952307  |   551.613  |  1348.387  |   853.018  |   54.494  |  51.339  |  1.101  |   24.9  |  1      |  0
   3952580  |   370.452  |   905.548  |   627.898  |   17.220  |  36.477  |  0.421  |   30.0  |  0      |  0
   3967430  |  1106.129  |  2703.871  |  1853.132  |   35.684  |  87.040  |  1.424  |   70.8  |  0      |  0
   3967859  |  1154.323  |  2821.677  |  1580.469  |  199.027  |  93.782  |  2.200  |   31.0  |  1      |  0
   4038445  |   285.097  |   696.903  |   492.804  |    6.717  |  31.435  |  0.453  |   29.4  |  0      |  0
   4049576  |   493.548  |  1206.452  |   953.579  |  123.246  |  53.265  |  3.299  |   28.5  |  0      |  0
   4064447  |   176.540  |   399.152  |   287.334  |    7.307  |  19.174  |  0.439  |   28.9  |  0      |  1
   4072740  |   149.226  |   364.774  |   261.380  |    1.357  |  18.352  |  0.041  |  337.1  |  0      |  0
   4165030  |   639.871  |  1564.129  |  1096.081  |   31.105  |  61.846  |  1.284  |   28.6  |  0      |  0
   4243623  |   286.839  |   701.161  |   493.549  |    9.166  |  31.938  |  0.433  |   25.9  |  0      |  0
   4247542  |   722.903  |  1767.097  |  1204.068  |  160.577  |  72.194  |  2.309  |   28.5  |  0      |  0
   4252818  |   765.290  |  1870.710  |  1325.391  |   47.554  |  69.740  |  4.223  |    9.7  |  0      |  0
   4346201  |   580.645  |  1419.355  |   956.143  |   23.302  |  55.319  |  0.365  |   87.9  |  0      |  0
   4347652  |   169.512  |   366.417  |   259.952  |   24.324  |  17.352  |  0.725  |   28.9  |  0      |  1
   4351319  |   223.548  |   546.452  |   385.509  |    1.547  |  24.493  |  0.020  |  781.2  |  0      |  0
   4378838  |   228.194  |   557.806  |   395.498  |   10.038  |  24.146  |  0.587  |   31.0  |  0      |  0
   4446300  |   492.968  |  1205.032  |   844.081  |   27.488  |  50.025  |  0.382  |   24.9  |  0      |  0
   4450844  |   793.742  |  1940.258  |  1358.900  |   14.856  |  72.653  |  0.139  |  189.4  |  0      |  0
   4457351  |   630.000  |  1540.000  |  1088.104  |   35.817  |  61.016  |  2.465  |   29.4  |  0      |  0
   4465324  |  1012.645  |  2475.355  |  1736.016  |   65.499  |  86.274  |  1.360  |   31.0  |  0      |  0
   4465529  |   810.581  |  1981.419  |  1389.690  |   55.518  |  72.660  |  1.048  |   56.3  |  0      |  0
   4543171  |   859.355  |  2100.645  |  1484.420  |   56.951  |  71.217  |  1.952  |   25.7  |  0      |  0
   4554830  |  1016.710  |  2485.290  |  1750.304  |   28.514  |  85.847  |  0.303  |   25.9  |  0      |  0
   4571351  |   940.065  |  2297.936  |  1293.041  |  148.734  |  79.194  |  4.295  |   29.6  |  1      |  0
   4571904  |   493.548  |  1206.452  |   768.524  |   32.962  |  45.028  |  4.239  |   28.6  |  0      |  0
   4574610  |   354.194  |   865.806  |   635.932  |   85.208  |  35.057  |  0.411  |   26.0  |  0      |  0
   4577484  |   474.387  |  1159.613  |   818.378  |  108.929  |  46.500  |  0.615  |   25.9  |  0      |  0
   4586099  |   665.419  |  1626.581  |  1127.662  |   31.464  |  61.819  |  0.297  |   87.1  |  1      |  0
   4638884  |   693.871  |  1696.129  |  1203.148  |   13.039  |  60.727  |  0.173  |  364.4  |  0      |  0
   4641621  |   267.677  |   654.323  |   454.990  |   46.351  |  30.649  |  0.842  |   29.4  |  0      |  0
   4646780  |   667.742  |  1632.258  |  1120.457  |  114.569  |  60.026  |  3.878  |   29.3  |  0      |  0
   4672403  |   642.774  |  1571.226  |  1105.801  |   46.808  |  60.535  |  0.520  |   24.9  |  0      |  0
   4739932  |   657.290  |  1606.710  |  1139.148  |   93.374  |  60.559  |  1.512  |   29.4  |  0      |  0
   4755204  |   789.677  |  1930.323  |  1350.677  |   38.759  |  70.348  |  0.642  |   33.4  |  0      |  0
   4756112  |   384.387  |   939.613  |   669.295  |   63.211  |  36.842  |  1.489  |   29.4  |  0      |  0
   4841753  |   505.742  |  1236.258  |   861.077  |   79.687  |  49.655  |  2.408  |   30.0  |  0      |  0
   4842436  |   793.194  |  1970.051  |  1338.963  |  156.909  |  72.551  |  1.047  |   31.1  |  0      |  1
   4846457  |   457.782  |  1046.283  |   697.151  |   35.177  |  42.067  |  2.258  |   31.1  |  0      |  1
   4914923  |  1033.548  |  2526.452  |  1819.578  |    7.713  |  88.704  |  0.027  |  962.7  |  0      |  0
   4915148  |   329.806  |   806.194  |   567.165  |    6.874  |  35.351  |  0.255  |   29.5  |  0      |  0
   4918355  |   232.839  |   569.161  |   401.246  |    5.727  |  25.448  |  0.352  |   24.9  |  0      |  0
   4931390  |  1215.290  |  2970.710  |  2091.076  |   48.617  |  93.002  |  0.397  |  159.1  |  0      |  0
   4947253  |   535.935  |  1310.064  |   920.825  |   43.826  |  51.547  |  1.140  |   29.4  |  0      |  0
   5021689  |   650.323  |  1589.677  |  1182.910  |   25.138  |  63.504  |  0.218  |   92.6  |  0      |  0
   5033245  |   245.613  |   600.387  |   423.674  |    6.040  |  26.525  |  0.257  |   29.4  |  0      |  0
   5084157  |  1049.226  |  2564.774  |  1792.496  |   40.344  |  87.726  |  3.097  |   29.4  |  1      |  0
   5095159  |   337.935  |   826.065  |   580.816  |   90.860  |  34.995  |  0.206  |   30.0  |  0      |  0
   5095850  |   459.290  |  1122.710  |   797.802  |   18.286  |  46.033  |  2.360  |   33.4  |  0      |  0
   5110725  |   184.065  |   449.935  |   318.001  |    3.849  |  21.157  |  0.237  |   25.9  |  0      |  0
   5184732  |  1200.774  |  2935.226  |  2096.478  |    7.775  |  95.708  |  0.028  |  860.9  |  0      |  0
   5214711  |   661.935  |  1618.064  |  1001.627  |  119.601  |  60.170  |  2.708  |   29.6  |  1      |  0
   5253542  |  1387.742  |  3392.258  |  2393.144  |  143.782  | 108.071  |  1.316  |   31.0  |  1      |  0
   5265656  |   377.419  |   922.581  |   556.196  |   96.070  |  34.521  |  0.797  |   30.0  |  1      |  0
   5309966  |   869.806  |  2126.193  |  1481.641  |   99.337  |  73.168  |  1.878  |    9.7  |  0      |  0
   5344612  |   746.129  |  1823.871  |  1279.595  |  108.494  |  65.683  |  2.718  |   25.9  |  0      |  0
   5353186  |   506.323  |  1237.677  |   879.035  |   22.973  |  47.545  |  1.324  |   28.9  |  0      |  0
   5371516  |   638.710  |  1561.290  |  1013.213  |   18.810  |  55.347  |  0.280  |   74.9  |  1      |  0
   5390438  |   174.194  |   425.806  |   299.568  |    4.206  |  21.183  |  0.295  |   25.7  |  0      |  0
   5429911  |   261.290  |   638.710  |   455.035  |   24.625  |  27.920  |  0.543  |   28.4  |  0      |  0
   5431016  |   505.742  |  1236.258  |   982.258  |   88.035  |  48.838  |  0.249  |  422.4  |  1      |  0
   5431807  |   257.806  |   630.194  |   443.035  |    7.185  |  28.363  |  0.147  |   28.5  |  0      |  0
   5450445  |   629.419  |  1538.581  |  1077.054  |   32.861  |  57.311  |  0.211  |   90.8  |  0      |  0
   5468089  |   652.065  |  1593.936  |  1132.441  |  102.868  |  57.129  |  0.800  |   29.6  |  0      |  0
   5512589  |   710.710  |  1737.290  |  1304.710  |   19.387  |  68.079  |  0.161  |   87.9  |  0      |  0
   5516982  |   987.097  |  2412.903  |  1705.575  |   41.064  |  84.156  |  0.382  |   87.8  |  0      |  0
   5523099  |   419.226  |  1024.774  |   732.632  |   27.695  |  42.617  |  1.376  |   26.1  |  0      |  0
   5530375  |   317.032  |   774.968  |   549.896  |   21.844  |  35.175  |  0.794  |   30.0  |  0      |  0
   5543462  |  1106.129  |  2703.871  |  1768.811  |  283.593  |  92.696  |  4.973  |   30.0  |  1      |  0
   5596656  |   160.839  |   393.161  |   278.110  |    1.284  |  20.838  |  0.020  |  743.0  |  0      |  0
   5603483  |   188.129  |   459.871  |   323.701  |    3.198  |  21.835  |  0.201  |   30.9  |  0      |  0
   5607242  |   397.161  |   970.839  |   676.118  |    3.444  |  40.628  |  0.035  | 1045.4  |  0      |  0
   5629080  |   248.516  |   607.484  |   428.630  |    6.925  |  27.780  |  0.230  |   30.0  |  0      |  0
   5636956  |   584.710  |  1429.290  |  1013.296  |   36.572  |  55.235  |  1.394  |   26.1  |  0      |  0
   5683538  |   403.548  |   986.452  |   683.725  |  119.299  |  41.980  |  1.670  |   28.9  |  0      |  0
   5686856  |   627.677  |  1534.323  |  1083.381  |   28.967  |  61.443  |  1.648  |    9.7  |  0      |  0
   5689219  |   744.387  |  1819.613  |  1299.947  |  116.201  |  66.404  |  1.535  |   25.1  |  0      |  0
   5689820  |   403.548  |   986.452  |   691.126  |    3.942  |  41.126  |  0.030  |  496.4  |  0      |  0
   5723165  |   334.452  |   817.548  |   572.374  |    3.541  |  34.500  |  0.114  |  661.6  |  0      |  0
   5773155  |   688.065  |  1681.936  |  1186.800  |   41.577  |  61.134  |  1.774  |   29.6  |  0      |  0
   5773345  |   638.710  |  1561.290  |  1103.771  |    9.225  |  57.551  |  0.069  |  422.9  |  0      |  0
   5774694  |  2032.258  |  4967.742  |  3576.976  |  338.802  | 139.880  |  5.009  |   87.7  |  1      |  0
   5822889  |   174.194  |   425.806  |   300.250  |    6.562  |  19.708  |  0.126  |  317.2  |  0      |  0
   5892169  |   285.677  |   698.323  |   493.997  |    7.698  |  29.750  |  0.464  |   29.4  |  0      |  0
   5939450  |   351.290  |   858.710  |   585.040  |   22.999  |  34.119  |  0.064  |  173.6  |  0      |  0
   5950854  |  1130.516  |  2763.484  |  1924.536  |   25.841  |  96.857  |  0.178  |  401.9  |  0      |  0
   5955122  |   499.935  |  1222.064  |   860.142  |    3.930  |  49.214  |  0.066  | 1039.2  |  0      |  0
   5961597  |   730.452  |  1785.548  |  1261.854  |   70.498  |  59.760  |  1.238  |   25.9  |  0      |  0
   6034893  |   195.677  |   478.323  |   335.788  |    9.115  |  20.899  |  1.095  |   29.9  |  0      |  0
   6035199  |   190.452  |   465.548  |   326.487  |    8.009  |  23.738  |  0.810  |   29.9  |  0      |  0
   6047087  |  1131.097  |  2764.903  |  1967.063  |  110.686  |  93.524  |  1.217  |   31.0  |  0      |  0
   6049366  |   645.847  |  1599.133  |  1083.243  |  101.550  |  60.360  |  3.128  |   31.1  |  0      |  1
   6064910  |   418.645  |  1023.355  |   766.587  |    9.299  |  44.178  |  0.127  |  523.2  |  0      |  0
   6106120  |   347.311  |   847.000  |   593.323  |   21.744  |  35.087  |  0.977  |   33.5  |  0      |  1
   6106415  |  1312.258  |  3207.742  |  2218.771  |    7.882  | 104.252  |  0.030  |  743.8  |  0      |  0
   6116048  |  1223.419  |  2990.581  |  2102.099  |    7.300  | 100.891  |  0.024  | 1048.0  |  0      |  0
   6119013  |   235.742  |   576.258  |   405.751  |    8.784  |  26.402  |  0.378  |   28.8  |  0      |  0
   6129877  |  1135.742  |  2776.258  |  1939.249  |   76.193  |  92.943  |  2.664  |   29.4  |  0      |  0
   6145937  |   378.000  |   924.000  |   653.556  |   12.244  |  41.340  |  0.968  |   29.4  |  0      |  0
   6225718  |  1336.064  |  3265.936  |  2339.137  |   10.631  | 105.829  |  0.029  |  955.0  |  0      |  0
   6232600  |  1189.742  |  2908.258  |  1933.004  |   87.414  |  94.626  |  0.902  |   25.2  |  0      |  0
   6287060  |   912.774  |  2231.226  |  1600.911  |  204.647  |  80.146  |  2.224  |   30.0  |  0      |  0
   6290627  |   187.548  |   458.452  |   319.911  |    5.761  |  22.336  |  0.165  |   25.9  |  0      |  0
   6308642  |   425.613  |  1040.387  |   730.729  |   19.432  |  42.511  |  0.325  |   31.0  |  0      |  0
   6313425  |   360.000  |   880.000  |   628.947  |    6.383  |  37.176  |  0.113  |  567.0  |  0      |  0
   6363365  |   945.871  |  2312.129  |  1632.631  |   88.023  |  86.218  |  0.886  |   24.6  |  0      |  0
   6370489  |   515.613  |  1260.387  |   913.540  |   13.281  |  52.168  |  0.235  |   87.8  |  0      |  0
   6430804  |   211.355  |   516.645  |   363.387  |    5.670  |  25.289  |  0.121  |   29.5  |  0      |  0
   6442183  |   682.839  |  1669.161  |  1171.210  |    4.403  |  64.908  |  0.023  |  955.9  |  0      |  0
   6448798  |   379.175  |   984.033  |   741.317  |   36.676  |  42.916  |  4.014  |   30.3  |  0      |  1
   6450651  |   656.710  |  1605.290  |  1119.017  |   66.264  |  63.989  |  2.875  |    9.7  |  0      |  0
   6505044  |   175.355  |   428.645  |   303.016  |    4.887  |  20.718  |  0.332  |   30.9  |  0      |  0
   6508366  |   580.645  |  1419.355  |   962.773  |    5.591  |  51.732  |  0.054  |  923.7  |  0      |  0
   6520835  |   516.774  |  1263.226  |   893.550  |   44.811  |  49.844  |  0.461  |   29.3  |  0      |  0
   6529109  |   657.871  |  1608.129  |  1140.208  |   26.351  |  60.105  |  0.385  |   25.9  |  0      |  0
   6530901  |   926.710  |  2265.290  |  1601.798  |  171.234  |  78.581  |  0.738  |   29.8  |  0      |  0
   6531928  |   261.871  |   640.129  |   456.958  |    3.783  |  31.375  |  0.126  |  655.9  |  0      |  0
   6587236  |   279.290  |   682.710  |   488.910  |   30.130  |  31.308  |  0.572  |   25.9  |  0      |  0
   6592305  |   488.903  |  1195.097  |   837.449  |   24.732  |  46.861  |  0.529  |   29.4  |  0      |  0
   6593461  |  1045.161  |  2554.839  |  1958.679  |  144.563  |  89.911  |  3.458  |   28.9  |  0      |  0
   6593620  |   677.649  |  1750.773  |  1274.074  |   69.643  |  67.665  |  1.739  |   28.9  |  0      |  1
   6603624  |  1394.710  |  3409.290  |  2382.916  |   10.548  | 110.321  |  0.021  | 1049.6  |  0      |  0
   6605673  |   739.161  |  1806.839  |  1246.173  |   85.806  |  68.074  |  0.593  |   30.0  |  0      |  0
   6612225  |   646.258  |  1579.742  |  1113.110  |   22.920  |  58.904  |  2.578  |   25.9  |  0      |  0
   6671492  |   425.613  |  1040.387  |   746.600  |   41.886  |  42.105  |  0.708  |   24.9  |  0      |  0
   6679371  |   569.032  |  1390.968  |   989.270  |    6.361  |  50.705  |  0.036  | 1014.9  |  0      |  0
   6688822  |   470.903  |  1151.097  |   827.064  |   36.145  |  47.048  |  0.699  |   30.0  |  0      |  0
   6689943  |   976.645  |  2387.355  |  1679.601  |   63.088  |  80.825  |  1.731  |   29.3  |  0      |  0
   6693861  |   444.194  |  1085.806  |   786.144  |    6.644  |  47.298  |  0.149  |  567.8  |  0      |  0
   6766513  |   512.710  |  1253.290  |   873.803  |   18.377  |  50.673  |  0.241  |  522.8  |  0      |  0
   6802438  |   310.645  |   759.355  |   567.653  |    9.211  |  34.560  |  0.146  |   92.5  |  0      |  0
   6806100  |   522.581  |  1277.419  |   909.346  |  176.306  |  45.815  |  1.954  |   33.4  |  0      |  0
   6837853  |  1078.258  |  2635.742  |  1875.477  |  135.421  |  89.310  |  3.622  |   26.1  |  0      |  0
   6848299  |   551.613  |  1348.387  |   949.135  |   22.410  |  56.460  |  1.130  |   31.0  |  0      |  0
   6853020  |   638.710  |  1561.290  |  1017.234  |   94.835  |  54.204  |  1.646  |   26.9  |  0      |  0
   6863041  |   450.000  |  1100.000  |   791.230  |   38.019  |  42.899  |  0.548  |   92.4  |  0      |  0
   6933899  |   807.677  |  1974.323  |  1384.703  |    5.791  |  72.139  |  0.024  | 1046.4  |  0      |  0
   6947945  |   422.129  |  1031.871  |   730.514  |   13.715  |  43.660  |  1.244  |   25.9  |  0      |  0
   7019341  |   945.871  |  2312.129  |  1656.996  |   76.887  |  80.008  |  1.321  |   28.9  |  0      |  0
   7038145  |   443.613  |  1084.387  |   750.995  |   40.706  |  42.455  |  1.193  |   29.6  |  0      |  0
   7103006  |   652.645  |  1595.355  |  1168.402  |    7.799  |  59.603  |  0.052  |  856.2  |  0      |  0
   7106245  |  1335.484  |  3264.516  |  2440.879  |   39.406  | 111.337  |  0.135  |  919.1  |  0      |  0
   7107778  |   307.161  |   750.839  |   538.946  |    3.798  |  31.938  |  0.252  |  596.8  |  0      |  0
   7133688  |   665.419  |  1626.581  |  1133.731  |  150.959  |  59.224  |  2.001  |   25.9  |  0      |  0
   7174470  |   505.161  |  1234.839  |   930.091  |   80.136  |  47.136  |  1.172  |   33.4  |  0      |  0
   7174707  |   476.129  |  1163.871  |   816.137  |    4.109  |  47.315  |  0.044  | 1050.5  |  0      |  0
   7206837  |   924.387  |  2259.613  |  1634.950  |   18.475  |  79.157  |  0.081  |  945.1  |  0      |  0
   7216846  |   275.226  |   672.774  |   482.558  |    8.807  |  28.644  |  0.310  |   92.4  |  0      |  0
   7218053  |   451.724  |  1036.490  |   698.688  |   37.240  |  40.525  |  1.983  |   28.9  |  0      |  1
   7264595  |   313.914  |   800.711  |   543.251  |   24.843  |  36.305  |  2.122  |   31.1  |  0      |  1
   7282890  |   484.258  |  1183.742  |   822.435  |   17.904  |  45.479  |  0.489  |   74.4  |  0      |  0
   7296438  |  1077.097  |  2632.903  |  1845.525  |   13.137  |  88.743  |  0.044  |  431.0  |  0      |  0
   7341231  |   236.903  |   579.097  |   403.133  |    2.264  |  29.167  |  0.123  | 1038.8  |  0      |  0
   7376493  |   784.452  |  1917.548  |  1336.273  |   46.799  |  75.169  |  0.792  |   26.1  |  0      |  0
   7383120  |  1041.677  |  2546.323  |  1787.203  |   88.045  |  83.410  |  3.909  |   29.6  |  0      |  0
   7386523  |   533.613  |  1304.387  |   911.992  |   64.020  |  48.747  |  2.929  |   29.4  |  0      |  0
   7429287  |   780.968  |  1909.032  |  1346.771  |   43.210  |  71.244  |  1.108  |   28.9  |  0      |  0
   7448374  |   450.000  |  1100.000  |   774.158  |   29.309  |  44.408  |  0.450  |   29.9  |  0      |  0
   7465072  |   842.516  |  2059.484  |  1408.969  |   77.488  |  68.298  |  2.923  |   24.9  |  1      |  0
   7510397  |   696.774  |  1703.226  |  1166.449  |    8.125  |  62.341  |  0.050  |  793.9  |  0      |  0
   7529180  |  1086.387  |  2655.613  |  1911.944  |   45.716  |  86.427  |  1.251  |   71.2  |  0      |  0
   7530690  |  1262.903  |  3087.097  |  2207.892  |  432.326  |  95.268  |  6.258  |   28.9  |  0      |  0
   7534011  |   603.290  |  1474.710  |  1022.367  |   31.036  |  57.210  |  1.406  |   31.0  |  0      |  0
   7584900  |   184.645  |   451.355  |   322.994  |    1.423  |  21.795  |  0.101  | 1050.2  |  0      |  0
   7591963  |   636.387  |  1555.613  |  1107.080  |   64.789  |  59.881  |  1.699  |   33.4  |  0      |  0
   7611858  |   875.613  |  2140.387  |  1556.412  |  282.212  |  75.251  |  3.434  |   25.9  |  1      |  0
   7622208  |   621.871  |  1520.129  |  1103.577  |   46.287  |  59.597  |  4.427  |   28.9  |  0      |  0
   7628676  |   276.968  |   677.032  |   478.644  |   11.603  |  29.245  |  0.422  |   26.1  |  0      |  0
   7668623  |   476.710  |  1165.290  |   806.936  |   15.951  |  45.663  |  0.459  |   87.2  |  1      |  0
   7680114  |   977.806  |  2390.193  |  1709.994  |   11.862  |  85.169  |  0.040  |  838.6  |  0      |  0
   7700968  |  1208.903  |  2955.097  |  2069.664  |  423.554  | 101.902  |  4.910  |   25.9  |  1      |  0
   7739672  |   790.839  |  1933.161  |  1352.234  |  207.089  |  66.015  |  1.870  |   29.5  |  0      |  0
   7747078  |   543.484  |  1328.516  |   942.926  |    4.135  |  53.773  |  0.064  | 1045.7  |  0      |  0
   7771282  |   845.419  |  2066.581  |  1459.159  |   39.152  |  72.313  |  0.177  |  523.6  |  0      |  0
   7799349  |   325.742  |   796.258  |   569.664  |    2.336  |  33.299  |  0.019  | 1049.1  |  0      |  0
   7799430  |   271.742  |   664.258  |   467.537  |    6.396  |  31.117  |  0.264  |   28.5  |  0      |  0
   7800289  |   343.742  |   840.258  |   586.615  |    6.822  |  33.597  |  0.078  |  669.4  |  0      |  0
   7833440  |   649.161  |  1586.839  |  1117.068  |  103.243  |  66.216  |  1.032  |   30.0  |  0      |  0
   7870112  |   802.452  |  1961.548  |  1422.539  |   99.306  |  69.435  |  6.288  |   28.5  |  0      |  0
   7871531  |  1858.064  |  4541.935  |  3512.044  |   51.906  | 151.190  |  0.095  | 1050.2  |  1      |  0
   7880676  |   590.516  |  1443.484  |  1025.485  |   72.361  |  53.848  |  1.630  |   29.6  |  0      |  0
   7910848  |   848.903  |  2075.097  |  1279.573  |  287.881  |  73.054  |  2.718  |   29.4  |  1      |  0
   7914731  |   353.896  |   821.971  |   583.321  |   35.915  |  34.570  |  1.979  |   28.9  |  0      |  1
   7938112  |   694.452  |  1697.548  |  1192.077  |  179.779  |  62.525  |  2.262  |   28.0  |  0      |  0
   7940546  |   696.774  |  1703.226  |  1092.214  |    7.001  |  58.952  |  0.040  |  862.1  |  0      |  0
   7970740  |  2322.581  |  5677.419  |  4189.664  |   53.901  | 173.236  |  0.043  |  946.1  |  0      |  0
   7976303  |   494.129  |  1207.871  |   869.617  |    6.169  |  51.314  |  0.041  | 1050.5  |  0      |  0
   8006161  |  2021.226  |  4940.774  |  3569.260  |   20.578  | 149.373  |  0.022  | 1034.2  |  0      |  0
   8012842  |  1114.912  |  2797.379  |  2000.352  |  284.285  |  95.845  |  1.026  |   28.9  |  0      |  1
   8016496  |   611.419  |  1494.581  |  1031.948  |   95.211  |  53.513  |  3.740  |   33.4  |  0      |  0
   8018599  |   272.903  |   667.097  |   440.299  |    4.873  |  27.984  |  0.067  |  962.2  |  0      |  0
   8019508  |   382.065  |   933.935  |   644.607  |   41.849  |  38.983  |  0.406  |   31.0  |  0      |  0
   8026226  |   336.774  |   823.226  |   564.466  |    3.894  |  34.343  |  0.086  |  331.1  |  0      |  0
   8027956  |   713.613  |  1744.387  |  1189.194  |   72.835  |  65.284  |  1.859  |   29.4  |  0      |  0
   8045442  |   297.871  |   728.129  |   482.655  |   46.059  |  31.916  |  0.602  |   25.9  |  0      |  0
   8106950  |   638.129  |  1559.871  |  1147.026  |  101.501  |  62.061  |  6.070  |   29.4  |  0      |  0
   8114155  |   813.474  |  2012.585  |  1382.158  |  115.308  |  73.675  |  0.633  |   31.1  |  0      |  1
   8150065  |  1055.613  |  2580.387  |  1875.022  |   41.550  |  89.055  |  0.291  |  401.8  |  0      |  0
   8172589  |   450.581  |  1101.419  |   804.893  |   28.604  |  48.193  |  0.739  |   29.6  |  0      |  0
   8174170  |   472.065  |  1153.936  |   819.504  |   41.909  |  45.748  |  2.440  |   26.1  |  0      |  0
   8174981  |   580.645  |  1419.355  |   993.409  |   45.015  |  53.743  |  1.004  |   31.0  |  0      |  0
   8176564  |   879.677  |  2150.323  |  1519.762  |   19.672  |  77.776  |  0.104  |  275.9  |  0      |  0
   8179536  |  1201.936  |  2938.064  |  2064.149  |   19.781  |  95.196  |  0.115  |  498.4  |  0      |  0
   8179643  |   599.806  |  1466.194  |  1029.090  |   43.400  |  56.926  |  2.952  |   31.0  |  0      |  0
   8179973  |   198.000  |   484.000  |   342.157  |    2.089  |  22.918  |  0.023  |  866.7  |  0      |  0
   8216936  |   648.581  |  1585.419  |  1118.588  |   55.382  |  56.678  |  7.215  |   29.3  |  0      |  0
   8228742  |   679.935  |  1662.064  |  1175.394  |    7.756  |  62.051  |  0.036  | 1049.3  |  0      |  0
   8241455  |   410.516  |  1003.484  |   713.223  |   58.702  |  41.890  |  0.626  |   31.0  |  0      |  0
   8249189  |   773.419  |  1890.581  |  1402.424  |   92.145  |  67.600  |  7.852  |   25.9  |  0      |  0
   8289241  |  1049.806  |  2566.193  |  1817.121  |  117.248  |  95.976  |  4.069  |   29.9  |  0      |  0
   8298626  |  1080.581  |  2641.419  |  1896.023  |   88.046  |  91.514  |  1.609  |   29.4  |  0      |  0
   8321567  |   767.032  |  1874.968  |  1304.981  |  182.859  |  70.851  |  0.687  |   33.4  |  0      |  0
   8360349  |   421.548  |  1030.452  |   739.636  |   12.464  |  40.760  |  0.268  |   92.0  |  0      |  0
   8367710  |   630.000  |  1540.000  |  1032.560  |   25.662  |  55.607  |  0.408  |  147.8  |  0      |  0
   8377423  |   583.548  |  1426.452  |  1038.726  |   93.901  |  53.333  |  1.620  |   28.8  |  0      |  0
   8379927  |  1665.290  |  4070.710  |  2781.311  |   10.132  | 120.314  |  0.031  | 1048.0  |  0      |  0
   8391021  |   926.129  |  2263.871  |  1599.443  |   96.211  |  79.703  |  0.765  |   30.0  |  0      |  0
   8394589  |  1335.484  |  3264.516  |  2385.971  |   20.587  | 109.443  |  0.053  | 1050.7  |  0      |  0
   8408931  |   335.032  |   818.968  |   578.341  |   44.182  |  33.932  |  0.409  |   25.9  |  0      |  0
   8414062  |   794.323  |  1941.677  |  1130.258  |  192.779  |  70.479  |  6.340  |   26.1  |  1      |  0
   8416311  |   502.258  |  1227.742  |   875.152  |   34.896  |  48.885  |  1.781  |   27.5  |  0      |  0
   8420801  |   747.290  |  1826.710  |  1210.015  |  134.027  |  66.896  |  3.101  |   29.9  |  0      |  0
   8424992  |  1550.323  |  3789.677  |  2525.043  |   62.174  | 120.914  |  0.162  |  338.5  |  0      |  0
   8435400  |   467.419  |  1142.581  |   828.084  |   31.163  |  44.704  |  2.916  |   26.8  |  0      |  0
   8491374  |   593.419  |  1450.581  |  1045.838  |  125.159  |  58.656  |  3.691  |   33.4  |  0      |  0
   8493735  |   357.097  |   872.903  |   620.149  |   37.343  |  38.500  |  1.022  |   30.0  |  0      |  0
   8493800  |  1074.194  |  2625.807  |  1832.581  |  153.663  |  83.226  |  1.426  |   33.4  |  0      |  0
   8499940  |   768.194  |  1877.806  |  1300.637  |   51.117  |  69.493  |  0.824  |   33.4  |  0      |  0
   8516041  |  1084.064  |  2649.936  |  1906.070  |  277.240  |  96.420  |  7.856  |   33.4  |  0      |  0
   8524425  |   627.677  |  1534.323  |  1085.480  |    4.611  |  59.687  |  0.027  | 1050.7  |  0      |  0
   8547279  |   222.387  |   543.613  |   390.015  |   48.957  |  25.421  |  0.501  |    9.7  |  0      |  0
   8561221  |   271.161  |   662.839  |   489.612  |    3.043  |  29.766  |  0.027  | 1047.1  |  0      |  0
   8574769  |   774.000  |  1892.000  |  1321.783  |   63.593  |  71.284  |  0.435  |   25.9  |  0      |  0
   8579578  |   551.032  |  1346.968  |   958.390  |   32.576  |  50.338  |  0.545  |   71.3  |  0      |  0
   8621637  |   599.226  |  1464.774  |  1042.115  |   23.681  |  57.437  |  1.055  |   26.1  |  0      |  0
   8656342  |   821.613  |  2008.387  |  1015.271  |  226.628  |  71.368  |  1.034  |   29.4  |  1      |  0
   8677016  |  1089.290  |  2662.710  |  1858.634  |  160.972  |  91.854  |  1.729  |   31.0  |  0      |  0
   8694723  |   845.419  |  2066.581  |  1434.684  |    8.913  |  75.088  |  0.043  | 1049.7  |  0      |  0
   8696343  |  1277.419  |  3122.581  |  2405.417  |  222.385  | 110.738  |  3.453  |   28.6  |  0      |  0
   8702606  |   385.548  |   942.452  |   666.500  |    3.097  |  39.639  |  0.033  | 1048.9  |  0      |  0
   8738809  |   518.516  |  1267.484  |   884.469  |   16.794  |  49.456  |  0.114  |  345.0  |  0      |  0
   8751420  |   347.226  |   848.774  |   566.900  |    2.298  |  34.648  |  0.076  |  950.2  |  0      |  0
   8760414  |  1384.258  |  3383.742  |  2430.853  |   11.639  | 117.375  |  0.043  | 1051.4  |  0      |  0
   8776961  |   701.419  |  1714.581  |  1206.211  |   31.898  |  64.779  |  0.400  |   30.0  |  0      |  0
   8802782  |   455.226  |  1112.774  |   771.388  |   45.941  |  45.118  |  3.123  |   26.1  |  0      |  0
   8817551  |   429.677  |  1050.323  |   737.414  |  115.024  |  43.190  |  1.329  |   29.4  |  0      |  0
   8868481  |   390.774  |   955.226  |   678.338  |   45.881  |  40.421  |  1.145  |   25.9  |  0      |  0
   8915084  |   925.548  |  2262.452  |  1608.535  |   71.579  |  78.645  |  1.056  |   30.0  |  0      |  0
   8938364  |   976.065  |  2385.936  |  1669.006  |    8.439  |  85.678  |  0.028  |  958.7  |  0      |  0
   8940939  |   891.290  |  2178.710  |  1538.954  |   38.536  |  77.348  |  3.697  |   26.1  |  0      |  0
   8950146  |  1217.032  |  2974.968  |  2131.654  |   87.466  |  94.829  |  3.012  |   29.4  |  1      |  0
   8952800  |   570.194  |  1393.806  |   973.873  |   22.044  |  53.048  |  1.345  |   29.4  |  0      |  0
   8956017  |   730.489  |  1778.693  |  1234.145  |   42.771  |  62.170  |  2.982  |   31.1  |  0      |  1
   9005973  |   905.806  |  2214.193  |  1538.112  |  125.304  |  82.376  |  1.703  |   33.4  |  0      |  0
   9025370  |  1683.871  |  4116.129  |  3016.535  |   39.018  | 132.707  |  0.065  | 1048.2  |  0      |  0
   9026479  |   411.677  |  1006.323  |   702.799  |   14.945  |  42.444  |  0.536  |   29.4  |  0      |  0
   9026685  |   652.065  |  1593.936  |  1128.535  |   37.660  |  61.894  |  0.559  |   30.0  |  0      |  0
   9049593  |  1113.677  |  2722.323  |  1916.848  |  140.088  |  85.064  |  2.925  |   28.9  |  0      |  0
   9051235  |   557.419  |  1362.581  |   909.289  |  109.103  |  51.208  |  3.756  |   29.6  |  0      |  0
   9073645  |   426.774  |  1043.226  |   739.969  |   67.338  |  43.619  |  1.876  |   28.5  |  0      |  0
   9073950  |   166.645  |   407.355  |   296.454  |    3.952  |  20.644  |  0.026  |  611.2  |  0      |  0
   9093289  |   929.613  |  2272.387  |  1731.183  |  272.149  |  85.796  |  1.608  |   30.0  |  1      |  0
   9098294  |  1296.581  |  3169.419  |  2327.298  |   16.152  | 109.120  |  0.044  | 1049.5  |  0      |  0
   9116461  |  1355.226  |  3312.774  |  2241.753  |   67.367  | 105.301  |  3.739  |   26.7  |  0      |  0
   9119139  |   660.194  |  1613.806  |  1124.874  |  127.245  |  61.654  |  3.325  |   29.4  |  0      |  0
   9138680  |   402.387  |   983.613  |   708.002  |   42.204  |  41.555  |  0.893  |   33.4  |  0      |  0
   9139151  |  1570.645  |  3839.355  |  2687.230  |   18.626  | 117.249  |  0.051  | 1010.5  |  0      |  0
   9139163  |   933.677  |  2282.323  |  1683.419  |    8.725  |  81.027  |  0.053  | 1037.3  |  0      |  0
   9143749  |   703.161  |  1718.839  |  1207.181  |   58.253  |  64.977  |  1.878  |   31.0  |  0      |  0
   9150095  |   151.548  |   370.452  |   260.118  |    6.489  |  18.319  |  0.284  |   24.9  |  0      |  0
   9163769  |   987.097  |  2412.903  |  1877.806  |  247.638  |  80.202  |  2.054  |   27.8  |  1      |  0
   9201604  |   229.935  |   562.065  |   399.696  |    9.944  |  25.906  |  0.213  |   29.5  |  0      |  0
   9202077  |   659.613  |  1612.387  |  1131.446  |   48.815  |  57.869  |  0.891  |   30.0  |  0      |  0
   9204313  |   797.226  |  1948.774  |  1372.311  |  318.361  |  74.334  |  0.766  |   24.9  |  0      |  0
   9206432  |  1075.936  |  2630.064  |  1872.097  |   11.554  |  84.777  |  0.088  |  595.8  |  0      |  0
   9225600  |   724.645  |  1771.355  |  1239.993  |   43.547  |  64.662  |  1.615  |   28.5  |  0      |  0
   9226926  |   882.581  |  2157.419  |  1610.118  |   37.706  |  73.274  |  0.510  |  165.0  |  0      |  0
   9266926  |   797.806  |  1950.194  |  1325.799  |   46.971  |  75.081  |  0.976  |   24.9  |  0      |  0
   9273544  |   823.935  |  2014.064  |  1426.914  |   57.834  |  75.954  |  1.896  |   25.9  |  0      |  0
   9287845  |   551.613  |  1348.387  |   824.544  |   80.861  |  48.166  |  2.252  |   29.4  |  0      |  0
   9289275  |   747.871  |  1828.129  |  1302.698  |   35.573  |  66.784  |  0.265  |   86.9  |  0      |  0
   9292130  |   490.645  |  1199.355  |   855.519  |   24.960  |  48.776  |  1.319  |   24.9  |  0      |  0
   9328372  |   748.213  |  1839.963  |  1338.575  |  107.475  |  67.368  |  2.201  |   31.1  |  0      |  1
   9335972  |   448.946  |  1106.209  |   802.362  |   19.087  |  46.185  |  1.679  |   28.9  |  0      |  1
   9353712  |   537.677  |  1314.323  |   920.057  |    9.515  |  51.461  |  0.096  |  565.2  |  0      |  0
   9353859  |   223.548  |   546.452  |   381.884  |    8.196  |  24.541  |  1.558  |   28.5  |  0      |  0
   9390670  |   864.858  |  2140.017  |  1386.494  |   99.883  |  70.619  |  3.990  |   30.8  |  1      |  1
   9394953  |   707.226  |  1728.774  |  1194.358  |  145.800  |  64.872  |  1.016  |   33.4  |  0      |  0
   9402223  |   380.323  |   929.677  |   648.139  |   17.651  |  39.060  |  1.239  |   28.4  |  0      |  0
   9410862  |  1312.839  |  3209.161  |  2230.819  |   33.979  | 107.552  |  0.106  |  919.3  |  0      |  0
   9414381  |   505.161  |  1234.839  |   873.328  |   22.439  |  48.976  |  0.851  |   25.9  |  0      |  0
   9414417  |   667.742  |  1632.258  |  1128.283  |    8.697  |  60.098  |  0.049  |  868.7  |  0      |  0
   9446628  |   630.584  |  1510.458  |  1031.176  |  108.777  |  56.106  |  2.964  |   28.9  |  0      |  1
   9451741  |  1207.161  |  2950.839  |  2092.584  |   93.074  |  94.243  |  8.509  |   29.4  |  0      |  0
   9455860  |   848.323  |  2073.677  |  1487.039  |  180.698  |  70.913  |  2.432  |   33.4  |  1      |  0
   9457728  |   600.968  |  1469.032  |  1064.320  |   48.633  |  59.641  |  0.696  |   25.9  |  0      |  0
   9458636  |   682.839  |  1669.161  |  1176.150  |   50.320  |  66.930  |  2.955  |   25.9  |  0      |  0
   9468847  |   624.774  |  1527.226  |  1084.708  |   76.204  |  61.356  |  1.931  |   25.9  |  0      |  0
   9512063  |   496.452  |  1213.548  |   843.343  |   10.599  |  49.893  |  0.203  |   92.5  |  0      |  0
   9542776  |   407.032  |   994.968  |   658.934  |   78.807  |  40.390  |  4.259  |   29.9  |  1      |  0
   9574283  |   264.194  |   645.806  |   446.212  |    2.412  |  29.807  |  0.028  | 1050.9  |  0      |  0
   9579208  |   655.548  |  1602.452  |  1119.805  |   29.131  |  61.954  |  0.283  |  172.4  |  0      |  0
   9641837  |   476.129  |  1163.871  |   827.414  |   29.072  |  47.184  |  0.863  |   25.9  |  0      |  0
   9664694  |   464.516  |  1135.484  |   718.562  |   22.451  |  43.473  |  1.170  |   25.9  |  0      |  0
   9693187  |   848.903  |  2075.097  |  1518.292  |   30.005  |  79.739  |  0.234  |   92.6  |  0      |  0
   9696358  |   584.129  |  1427.871  |   911.269  |   20.760  |  50.864  |  0.248  |  366.7  |  0      |  0
   9697131  |   694.452  |  1697.548  |  1134.131  |   23.726  |  60.050  |  0.356  |  227.7  |  0      |  0
   9700430  |   942.387  |  2303.613  |  1649.106  |   91.059  |  79.489  |  2.332  |   28.5  |  0      |  0
   9702369  |  1142.710  |  2793.290  |  2007.782  |   31.608  |  93.488  |  0.299  |  128.7  |  0      |  0
   9702752  |   740.903  |  1811.097  |  1287.321  |   45.330  |  67.147  |  0.401  |   24.9  |  0      |  0
   9715099  |   405.871  |   992.129  |   711.479  |   20.210  |  41.539  |  0.866  |   22.6  |  0      |  0
   9754284  |   868.645  |  2123.355  |  1516.789  |  197.811  |  73.944  |  0.559  |   25.9  |  0      |  0
   9757640  |   663.097  |  1620.903  |  1197.132  |  101.999  |  62.006  |  1.600  |   29.4  |  0      |  0
   9768011  |   553.406  |  1401.413  |   918.219  |   46.938  |  57.021  |  3.167  |   28.9  |  0      |  1
   9778067  |   516.774  |  1263.226  |   907.529  |   48.628  |  49.808  |  2.289  |   29.4  |  0      |  0
   9787965  |   529.548  |  1294.452  |   905.295  |   44.453  |  53.636  |  3.308  |   33.4  |  0      |  0
   9788260  |   273.484  |   668.516  |   480.756  |   10.490  |  29.213  |  1.276  |   24.9  |  0      |  0
   9791157  |   571.355  |  1396.645  |  1001.791  |   87.723  |  54.457  |  0.775  |   29.4  |  0      |  0
   9812421  |   245.613  |   600.387  |   430.122  |    6.717  |  27.671  |  0.161  |   25.8  |  0      |  0
   9812850  |   693.871  |  1696.129  |  1235.938  |    9.115  |  64.911  |  0.070  |  970.7  |  0      |  0
   9821513  |   689.806  |  1686.194  |  1206.232  |   39.147  |  60.207  |  3.609  |   29.7  |  0      |  0
   9880787  |   518.516  |  1267.484  |   891.494  |   38.369  |  51.274  |  0.676  |   31.0  |  0      |  0
   9893470  |   247.355  |   604.645  |   428.588  |   27.500  |  27.862  |  1.170  |   25.9  |  0      |  0
   9897838  |   296.710  |   725.290  |   512.652  |    6.873  |  33.711  |  0.433  |   29.4  |  0      |  0
   9903271  |   207.290  |   506.710  |   357.695  |    5.460  |  24.096  |  0.140  |   28.9  |  0      |  0
   9908400  |   381.484  |   932.516  |   650.286  |   16.419  |  36.624  |  0.219  |   89.5  |  0      |  0
   9955598  |  1974.194  |  4825.806  |  3546.786  |   70.803  | 153.156  |  0.060  | 1050.3  |  0      |  0
   9962623  |   895.935  |  2190.064  |  1491.265  |  122.937  |  82.216  |  1.086  |   31.0  |  0      |  0
   9965715  |  1190.323  |  2909.677  |  2076.618  |   19.876  |  97.315  |  0.077  |  593.1  |  0      |  0
  10003270  |   450.000  |  1100.000  |   781.080  |   54.045  |  42.502  |  1.958  |   33.4  |  0      |  0
  10016239  |  1312.839  |  3209.161  |  2180.275  |  114.913  | 101.494  |  1.583  |   91.5  |  0      |  0
  10018963  |   573.097  |  1400.903  |   973.851  |    5.657  |  54.987  |  0.053  | 1049.8  |  0      |  0
  10019747  |   724.645  |  1771.355  |  1233.405  |  110.480  |  66.697  |  0.424  |   25.9  |  0      |  0
  10024648  |   624.774  |  1527.226  |  1087.190  |   47.267  |  56.656  |  0.930  |   28.4  |  0      |  0
  10025841  |   894.774  |  2187.226  |  1542.395  |  177.227  |  75.175  |  6.717  |   28.4  |  0      |  0
  10068307  |   580.645  |  1419.355  |   974.102  |    7.127  |  54.038  |  0.035  |  868.7  |  0      |  0
  10070754  |  1265.806  |  3094.193  |  2130.810  |  223.192  | 100.028  |  1.766  |   30.0  |  0      |  0
  10074716  |   966.194  |  2361.807  |  1724.368  |  231.310  |  83.884  |  2.496  |   26.1  |  0      |  0
  10079226  |  1451.613  |  3548.387  |  2570.387  |   61.594  | 116.036  |  0.212  |  337.6  |  0      |  0
  10081026  |   435.484  |  1064.516  |   714.109  |   57.574  |  43.416  |  2.158  |   25.9  |  0      |  0
  10088136  |   221.801  |   527.014  |   364.253  |   11.686  |  24.824  |  1.889  |   31.1  |  0      |  1
  10118942  |   449.419  |  1098.581  |   773.262  |   53.901  |  46.412  |  1.522  |   28.6  |  0      |  0
  10124866  |  2003.226  |  4896.774  |  3494.912  |   37.268  | 147.053  |  0.079  | 1038.5  |  0      |  0
  10129349  |   963.871  |  2356.129  |  1884.292  |  281.390  |  81.195  |  2.384  |   28.1  |  1      |  0
  10130724  |  1460.323  |  3569.677  |  2605.800  |  159.169  | 112.747  |  2.545  |   24.9  |  0      |  0
  10130853  |   170.710  |   417.290  |   297.046  |    2.789  |  20.306  |  0.036  |  430.1  |  0      |  0
  10147635  |   368.129  |   899.871  |   613.804  |    4.411  |  37.123  |  0.098  |  833.3  |  0      |  0
  10162436  |   609.677  |  1490.323  |  1015.101  |    8.029  |  55.834  |  0.050  |  685.8  |  0      |  0
  10186764  |   760.645  |  1859.355  |  1303.519  |  107.237  |  68.253  |  3.230  |   26.1  |  0      |  0
  10202294  |   636.387  |  1555.613  |  1102.603  |   38.031  |  57.733  |  0.763  |   24.9  |  0      |  0
  10214328  |   710.129  |  1735.871  |  1223.514  |  195.342  |  60.773  |  1.729  |   33.3  |  0      |  0
  10215584  |  1489.355  |  3640.645  |  2107.227  |  457.452  | 115.158  |  2.401  |   31.0  |  1      |  0
  10272858  |   198.000  |   484.000  |   343.693  |    1.560  |  22.755  |  0.029  |  961.8  |  0      |  0
  10272923  |   283.355  |   692.645  |   487.863  |    7.986  |  30.858  |  0.151  |   28.8  |  0      |  0
  10273246  |   476.129  |  1163.871  |   835.402  |   12.019  |  48.546  |  0.173  |  389.7  |  0      |  0
  10290021  |   594.000  |  1452.000  |  1051.136  |   71.208  |  54.371  |  0.594  |   29.4  |  0      |  0
  10295224  |   447.608  |   990.492  |   654.563  |   45.284  |  38.668  |  1.921  |   33.5  |  1      |  1
  10319352  |   870.968  |  2129.032  |  1066.464  |  240.654  |  78.746  |  1.706  |   29.4  |  1      |  0
  10322381  |  1045.161  |  2554.839  |  1676.181  |  137.373  |  86.644  |  6.534  |   25.8  |  0      |  0
  10324098  |   520.258  |  1271.742  |   902.104  |   42.305  |  49.903  |  1.406  |   33.4  |  0      |  0
  10351059  |   771.677  |  1886.323  |  1337.308  |   82.346  |  65.373  |  1.660  |   29.9  |  0      |  0
  10355856  |   772.258  |  1887.742  |  1319.980  |   14.383  |  67.285  |  0.143  |  297.4  |  0      |  0
  10385708  |   715.355  |  1748.645  |  1141.018  |  123.861  |  64.508  |  1.072  |   25.9  |  0      |  0
  10394814  |   216.000  |   528.000  |   372.931  |    4.034  |  25.560  |  0.247  |   28.5  |  0      |  0
  10398597  |   564.968  |  1381.032  |  1001.925  |  103.125  |  57.387  |  2.599  |   26.1  |  0      |  0
  10417911  |   593.419  |  1450.581  |   989.906  |   47.878  |  56.138  |  2.078  |   24.9  |  0      |  0
  10454113  |  1312.839  |  3209.161  |  2337.954  |   16.055  | 105.109  |  0.075  | 1035.7  |  0      |  0
  10462940  |  1364.516  |  3335.484  |  2317.486  |   55.734  | 104.459  |  0.415  |   92.5  |  0      |  0
  10491771  |   985.935  |  2410.064  |  1685.675  |  167.841  |  81.002  |  2.539  |   24.0  |  1      |  0
  10516096  |   987.097  |  2412.903  |  1679.476  |    8.100  |  84.443  |  0.035  |  932.5  |  0      |  0
  10518551  |   509.226  |  1244.774  |   879.302  |   23.997  |  50.052  |  0.688  |   30.0  |  0      |  0
  10593351  |   294.968  |   721.032  |   502.237  |    7.713  |  32.091  |  0.146  |  522.6  |  0      |  0
  10610027  |   979.548  |  2394.452  |  1711.616  |  142.166  |  85.593  |  5.314  |   32.8  |  0      |  0
  10644253  |  1636.839  |  4001.161  |  2899.488  |   39.558  | 122.914  |  0.085  | 1040.0  |  0      |  0
  10655953  |  1536.361  |  3087.639  |  2200.019  |  129.717  | 105.098  |  2.140  |   33.4  |  0      |  0
  10670371  |   309.484  |   756.516  |   538.027  |    8.133  |  31.237  |  0.409  |   25.9  |  0      |  0
  10709834  |   840.194  |  2053.807  |  1422.045  |   21.958  |  67.705  |  0.141  |  521.2  |  0      |  0
  10712891  |   299.613  |   732.387  |   515.308  |   13.433  |  30.807  |  1.762  |   26.1  |  0      |  0
  10717090  |   936.000  |  2288.000  |  1609.208  |  229.932  |  77.260  |  2.694  |   30.0  |  0      |  0
  10727922  |   614.767  |  1453.147  |   979.264  |   50.964  |  55.389  |  2.088  |   28.9  |  0      |  1
  10730618  |   754.839  |  1845.161  |  1278.061  |   16.672  |  66.192  |  0.133  |  791.8  |  0      |  0
  10731424  |   389.032  |   950.968  |   664.001  |   32.819  |  37.724  |  2.178  |   28.1  |  0      |  0
  10732098  |   628.258  |  1535.742  |  1047.011  |   55.647  |  62.183  |  1.824  |   29.6  |  0      |  0
  10794845  |  1536.543  |  3772.986  |  2778.118  |  703.660  | 116.349  |  4.817  |   31.1  |  0      |  1
  10858780  |   802.452  |  1961.548  |  1389.228  |  133.124  |  76.201  |  1.409  |    9.7  |  0      |  0
  10873176  |   476.710  |  1165.290  |   832.834  |   34.805  |  48.342  |  0.532  |   92.6  |  0      |  0
  10909629  |   510.968  |  1249.032  |   886.681  |   19.087  |  49.467  |  0.138  |  360.2  |  0      |  0
  10923629  |   458.710  |  1121.290  |   751.526  |   16.855  |  42.207  |  0.229  |   87.7  |  0      |  0
  10937782  |   156.194  |   381.806  |   266.800  |    2.796  |  19.470  |  0.106  |  177.7  |  0      |  0
  10959362  |   484.839  |  1185.161  |   851.625  |   55.046  |  45.437  |  1.633  |   26.1  |  0      |  0
  10963065  |  1268.129  |  3099.871  |  2177.336  |   12.416  | 103.211  |  0.040  |  769.5  |  0      |  0
  10971974  |  1380.194  |  3373.807  |  2347.024  |  201.088  | 106.633  |  2.425  |   24.9  |  0      |  0
  10972252  |   474.387  |  1159.613  |   818.958  |   33.974  |  44.450  |  0.932  |   33.4  |  0      |  0
  10972873  |   603.871  |  1476.129  |  1036.851  |    6.477  |  58.402  |  0.036  |  890.9  |  0      |  0
  10976896  |   431.419  |  1054.581  |   741.972  |   25.623  |  44.737  |  0.739  |   30.0  |  0      |  0
  10990438  |   179.419  |   438.581  |   302.067  |    7.900  |  21.019  |  0.454  |   24.9  |  0      |  0
  11021413  |   470.903  |  1151.097  |   813.048  |   15.950  |  48.164  |  0.627  |   30.0  |  0      |  0
  11026764  |   519.677  |  1270.323  |   890.497  |    4.541  |  50.545  |  0.053  | 1049.7  |  0      |  0
  11027406  |   961.548  |  2350.452  |  1660.241  |   74.786  |  88.314  |  0.667  |   25.9  |  0      |  0
  11070918  |   766.452  |  1873.548  |  1181.712  |  103.568  |  66.168  |  0.689  |   90.1  |  1      |  0
  11074380  |   334.452  |   817.548  |   578.815  |   19.158  |  34.786  |  1.086  |   28.6  |  0      |  0
  11075448  |   953.457  |  2326.469  |  1686.960  |  205.444  |  78.101  |  2.851  |   30.0  |  0      |  1
  11075456  |  1030.850  |  2484.306  |  1802.711  |  448.530  |  84.659  |  1.794  |   20.9  |  0      |  1
  11081729  |  1155.484  |  2824.516  |  1940.604  |   19.236  |  90.019  |  0.113  |  778.8  |  0      |  0
  11082784  |   488.323  |  1193.677  |   853.121  |   28.583  |  49.485  |  1.013  |   28.9  |  0      |  0
  11083308  |   557.650  |  1321.570  |   902.282  |   41.545  |  51.208  |  1.331  |   28.9  |  0      |  1
  11098033  |   534.774  |  1307.226  |   935.760  |  127.778  |  51.248  |  2.976  |   28.6  |  0      |  0
  11127479  |  1102.645  |  2695.355  |  1853.148  |  117.882  |  90.870  |  0.636  |  205.1  |  0      |  0
  11133100  |   497.510  |  1124.542  |   832.774  |   60.755  |  43.085  |  2.678  |   28.9  |  0      |  1
  11137075  |   677.613  |  1656.387  |  1171.228  |    7.075  |  65.089  |  0.240  |  524.1  |  0      |  0
  11138101  |   420.382  |  1033.074  |   672.925  |   55.795  |  43.809  |  0.504  |   28.9  |  1      |  1
  11188219  |  1045.161  |  2554.839  |  1830.930  |  363.819  |  93.460  |  2.422  |   25.9  |  1      |  0
  11189107  |   506.903  |  1239.097  |   879.034  |  104.372  |  47.453  |  2.613  |   26.1  |  0      |  0
  11193681  |   434.903  |  1063.097  |   745.210  |    4.846  |  42.844  |  0.068  | 1051.4  |  0      |  0
  11229052  |   954.000  |  2332.000  |  1698.888  |  129.265  |  84.042  |  1.587  |   29.3  |  0      |  0
  11244118  |   824.516  |  2015.484  |  1386.781  |    5.910  |  71.373  |  0.029  | 1050.6  |  0      |  0
  11253226  |   951.097  |  2324.903  |  1661.131  |   10.567  |  77.053  |  0.050  | 1031.3  |  0      |  0
  11294717  |   610.258  |  1491.742  |   932.527  |   72.035  |  59.440  |  4.207  |   26.1  |  1      |  0
  11307875  |   172.452  |   421.548  |   300.217  |   12.340  |  19.935  |  0.206  |   28.8  |  0      |  0
  11389393  |   664.839  |  1625.161  |  1139.842  |   43.940  |  60.617  |  2.634  |   20.8  |  0      |  0
  11389437  |   716.516  |  1751.484  |  1228.753  |   35.932  |  67.924  |  1.065  |   25.8  |  0      |  0
  11395018  |   493.548  |  1206.452  |   846.580  |    5.437  |  47.785  |  0.046  |  593.9  |  0      |  0
  11401156  |   331.548  |   810.452  |   578.763  |   15.840  |  35.998  |  0.667  |   29.4  |  0      |  0
  11401708  |   397.161  |   970.839  |   672.048  |   15.023  |  40.161  |  0.218  |   92.4  |  0      |  0
  11414712  |   410.516  |  1003.484  |   753.703  |    3.540  |  43.827  |  0.031  | 1042.6  |  0      |  0
  11453915  |  1425.484  |  3484.516  |  2479.907  |  225.835  | 110.486  |  4.278  |   25.9  |  0      |  0
  11454149  |  1469.613  |  3592.387  |  2541.140  |  275.678  | 114.969  |  3.278  |   31.0  |  0      |  0
  11456910  |   782.222  |  1870.295  |  1306.889  |   81.898  |  68.652  |  2.428  |   28.9  |  0      |  1
  11460626  |   462.194  |  1129.806  |   801.428  |   71.793  |  48.039  |  1.866  |   29.6  |  0      |  0
  11467550  |   559.742  |  1368.258  |   967.517  |   48.106  |  54.540  |  2.930  |   29.9  |  0      |  0
  11496573  |   203.806  |   498.194  |   352.306  |    6.962  |  23.272  |  0.486  |   29.5  |  0      |  0
  11502597  |   759.484  |  1856.516  |  1300.999  |   34.573  |  69.525  |  0.499  |   92.5  |  0      |  0
  11506988  |   667.742  |  1632.258  |  1090.014  |   75.284  |  58.590  |  1.366  |   28.5  |  0      |  0
  11507653  |   789.097  |  1928.903  |  1356.154  |  178.186  |  70.218  |  2.313  |   33.4  |  0      |  0
  11554100  |   176.516  |   431.484  |   300.010  |    1.561  |  20.737  |  0.016  | 1049.2  |  0      |  0
  11558593  |   260.710  |   637.290  |   449.098  |   24.118  |  28.486  |  0.319  |   31.0  |  0      |  0
  11611414  |   674.710  |  1649.290  |  1121.172  |  193.554  |  68.810  |  2.558  |   28.9  |  0      |  0
  11620833  |   203.806  |   498.194  |   351.828  |   15.826  |  22.331  |  0.189  |   30.9  |  0      |  0
  11674236  |   494.129  |  1207.871  |   891.072  |   77.571  |  51.009  |  0.985  |   26.1  |  0      |  0
  11708273  |   796.645  |  1947.355  |  1364.401  |  166.460  |  72.909  |  1.790  |   25.9  |  0      |  0
  11709205  |   159.470  |   389.303  |   270.418  |    6.238  |  18.758  |  0.317  |   28.9  |  0      |  1
  11713510  |   720.581  |  1761.419  |  1257.002  |   13.809  |  68.759  |  0.124  |   92.6  |  0      |  0
  11717120  |   339.677  |   830.323  |   592.469  |    3.427  |  37.552  |  0.058  | 1049.0  |  0      |  0
  11722551  |   436.065  |  1065.936  |   752.112  |    7.671  |  43.774  |  0.356  |   25.9  |  0      |  0
  11723674  |   398.323  |   973.677  |   700.218  |   38.835  |  40.971  |  1.236  |   33.4  |  0      |  0
  11757831  |   726.387  |  1775.613  |  1264.228  |  172.171  |  63.939  |  5.484  |   29.5  |  0      |  0
  11771760  |   310.645  |   759.355  |   524.203  |    6.453  |  32.571  |  0.061  | 1051.1  |  0      |  0
  11772920  |  2032.258  |  4967.742  |  3428.780  |  132.364  | 157.619  |  0.133  | 1050.3  |  1      |  0
  11802939  |   363.628  |   873.036  |   574.103  |   95.784  |  36.719  |  1.619  |   20.9  |  1      |  1
  11802968  |   296.710  |   725.290  |   509.911  |   13.051  |  34.226  |  0.200  |   29.4  |  0      |  0
  11809558  |   307.669  |   703.937  |   502.665  |   13.418  |  30.455  |  0.351  |   31.1  |  0      |  1
  11817562  |   414.000  |  1012.000  |   727.257  |   81.703  |  41.097  |  2.008  |   28.6  |  0      |  0
  11862119  |   860.516  |  2103.484  |  1466.104  |   68.671  |  79.730  |  4.151  |   24.9  |  0      |  0
  11873252  |   156.194  |   381.806  |   267.975  |    9.110  |  19.946  |  1.063  |    9.7  |  0      |  0
  11911418  |   336.774  |   823.226  |   577.336  |   16.945  |  35.667  |  0.495  |   28.5  |  0      |  0
  11919192  |   524.323  |  1281.677  |   891.262  |   31.007  |  46.697  |  2.372  |   33.2  |  0      |  0
  11962180  |   604.452  |  1477.548  |  1033.713  |   49.542  |  56.370  |  4.419  |   30.9  |  0      |  0
  11968749  |   172.774  |   347.226  |   267.829  |    1.488  |  18.845  |  0.048  |  577.5  |  0      |  0
  11971746  |  1109.613  |  2712.387  |  1925.190  |   82.352  |  90.535  |  2.079  |   24.9  |  0      |  0
  12009504  |  1060.258  |  2591.742  |  1861.263  |   10.808  |  88.295  |  0.051  | 1020.2  |  0      |  0
  12011630  |  1487.032  |  3634.968  |  2616.838  |  230.734  | 129.718  |  2.409  |   29.4  |  0      |  0
  12020532  |   216.000  |   528.000  |   375.935  |    8.486  |  22.941  |  0.512  |   29.3  |  0      |  0
  12055375  |   761.226  |  1860.774  |  1513.148  |   51.771  |  73.770  |  1.289  |   28.9  |  0      |  0
  12058443  |   205.548  |   502.452  |   354.160  |    5.515  |  23.934  |  0.139  |   28.9  |  0      |  0
  12069127  |   481.355  |  1176.645  |   886.915  |   13.380  |  48.386  |  0.088  |  517.9  |  0      |  0
  12069424  |  1248.387  |  3051.613  |  2187.205  |    8.105  | 103.493  |  0.020  |  868.1  |  0      |  0
  12069569  |   475.617  |  1112.794  |   737.053  |   88.590  |  44.687  |  1.217  |   31.1  |  0      |  1
  12117868  |  1035.267  |  2654.272  |  1859.173  |  132.754  |  93.695  |  1.223  |   31.1  |  0      |  1
  12156916  |   819.871  |  2004.129  |  1441.854  |   59.830  |  76.174  |  0.829  |   30.0  |  0      |  0
  12253255  |   563.162  |  1341.549  |   896.813  |  118.743  |  46.872  |  2.651  |   30.8  |  0      |  1
  12258514  |   870.968  |  2129.032  |  1494.074  |    5.617  |  74.968  |  0.029  | 1044.8  |  0      |  0
  12265063  |   762.968  |  1865.032  |  1324.832  |  231.336  |  67.875  |  2.408  |   29.2  |  1      |  0
  12304142  |   726.968  |  1777.032  |  1230.117  |   53.627  |  64.485  |  1.078  |   29.4  |  0      |  0
  12307366  |   188.710  |   461.290  |   324.963  |    1.580  |  21.443  |  0.097  | 1050.5  |  0      |  0
  12317678  |   718.839  |  1757.161  |  1248.595  |    7.932  |  63.573  |  0.037  | 1047.5  |  0      |  0
  12352180  |   609.097  |  1488.903  |  1045.275  |   45.546  |  57.366  |  0.405  |   30.8  |  0      |  0
  12366681  |   383.226  |   936.774  |   690.176  |   22.716  |  39.276  |  0.280  |   87.8  |  0      |  0
  12507240  |   664.839  |  1625.161  |  1134.391  |   39.700  |  58.912  |  2.329  |   26.1  |  0      |  0
  12508433  |   460.452  |  1125.548  |   792.809  |    3.442  |  45.180  |  0.134  | 1049.5  |  0      |  0
  12735580  |   675.871  |  1652.129  |  1265.068  |  104.498  |  61.341  |  2.154  |   28.9  |  0      |  0
